Date	Open	High	Low	Close	Volume
3/4/2016	10.13	10.34	9.53	9.77	6293600
3/3/2016	10.3	10.55	10.18	10.22	6097200
3/2/2016	9.86	10.34	9.66	10.31	7257600
3/1/2016	9.86	10.05	9.39	9.86	7118700
2/29/2016	10.23	10.49	9.38	9.71	6157200
2/26/2016	10.29	10.53	10.1	10.39	4939800
2/25/2016	11.39	11.39	10.25	10.25	9865600
2/24/2016	11.55	11.67	11.05	11.39	6999400
2/23/2016	11.61	11.88	11.44	11.63	7597100
2/22/2016	11.5	11.75	11.39	11.52	6410200
2/19/2016	11.3	11.43	11.15	11.35	4201100
2/18/2016	11.63	11.68	11.24	11.29	6758100
2/17/2016	11.34	11.55	11.13	11.46	7344600
2/16/2016	10.99	11.45	10.99	11.36	6723900
2/15/2016	10.5	10.98	10.31	10.93	4832100
2/12/2016	10.81	10.81	10.81	10.81	0
2/11/2016	10.81	10.81	10.81	10.81	0
2/10/2016	10.81	10.81	10.81	10.81	0
2/9/2016	10.81	10.81	10.81	10.81	0
2/8/2016	10.81	10.81	10.81	10.81	0
2/5/2016	11.15	11.15	10.7	10.81	3528800
2/4/2016	10.97	11.16	10.73	10.97	5153100
2/3/2016	10.7	11.01	10.55	10.9	4862500
2/2/2016	10.39	10.92	10.3	10.85	5771900
2/1/2016	10.26	10.5	10.19	10.39	4874500
1/29/2016	9.8	10.39	9.79	10.24	5285300
1/28/2016	10.15	10.31	9.68	9.78	4135900
1/27/2016	10.26	10.46	9.38	10.32	8158100
1/26/2016	11.05	11.38	10.04	10.2	10224700
1/25/2016	11.07	11.3	11.05	11.16	4825200
1/22/2016	10.9	11.17	10.57	11	5360800
1/21/2016	10.82	11.34	10.7	10.7	8582700
1/20/2016	11.11	11.25	10.9	10.99	6445700
1/19/2016	10.84	11.29	10.7	11.2	8036100
1/18/2016	10.4	11.2	10.2	10.91	7661100
1/15/2016	10.8	10.98	10.34	10.5	9334100
1/14/2016	9.67	11.02	9.55	10.92	11451800
1/13/2016	10.08	10.5	10	10.02	9712200
1/12/2016	9.66	10.15	9.5	10.05	9290800
1/11/2016	10.01	10.6	9.66	9.68	11559700
1/8/2016	11	11.07	10	10.72	12870600
1/7/2016	11.67	11.67	10.5	10.5	3271700
1/6/2016	11.34	11.8	11.25	11.67	7839200
1/5/2016	10.98	11.94	10.78	11.25	13187900
1/4/2016	13.28	13.28	11.98	11.98	9463200
1/1/2016	13.31	13.31	13.31	13.31	0
12/31/2015	13.7	13.7	13.21	13.31	10758500
12/30/2015	13.38	13.74	13.25	13.62	11939500
12/29/2015	13.17	13.44	12.95	13.42	11030800
12/28/2015	13.37	13.87	13.17	13.17	19842400
12/24/2015	13.03	13.25	12.71	13.25	14463600
12/23/2015	13.2	13.42	13	13	17680700
12/22/2015	12.94	13.52	12.66	13.4	25915000
12/21/2015	12.75	13.08	12.63	12.82	20177000
12/18/2015	12.78	12.83	12.46	12.62	14486300
12/17/2015	12.51	12.93	12.42	12.79	21875000
12/16/2015	12.5	12.68	12.37	12.4	15133900
12/15/2015	12.12	12.56	12.12	12.52	13698800
12/14/2015	11.8	12.24	11.73	12.18	9876500
12/11/2015	12.05	12.34	11.84	12.02	14131600
12/10/2015	12.33	12.68	12.15	12.2	20760400
12/9/2015	12.19	12.93	12.03	12.4	19884000
12/8/2015	12.46	12.58	12	12.2	13266800
12/7/2015	12.23	12.78	12.12	12.69	22189800
12/4/2015	11.93	12.29	11.83	12.23	18256300
12/3/2015	11.5	11.95	11.49	11.94	11346100
12/2/2015	12.08	12.15	11	11.48	15977900
12/1/2015	12.32	12.5	11.86	12.08	14860700
11/30/2015	12.27	12.7	11.22	12.44	20124300
11/27/2015	12.51	13.18	11.9	12.25	29388900
11/26/2015	13	13.17	12.62	12.74	30678300
11/25/2015	12.44	13.5	12.33	13.25	40976600
11/24/2015	12	12.56	11.7	12.56	20564300
11/23/2015	12.51	12.87	11.92	12.08	26782200
11/20/2015	12.06	12.51	12.05	12.4	24537200
11/19/2015	11.65	12.1	11.53	12.03	15124800
11/18/2015	12.07	12.19	11.41	11.51	15486000
11/17/2015	12.7	12.88	11.93	11.96	29585900
11/16/2015	11.39	12.68	11.31	12.53	26215000
11/13/2015	12.12	12.28	11.65	11.8	23243700
11/12/2015	12.01	12.8	11.97	12.42	34728400
11/11/2015	11.45	12.05	11.37	11.96	27092400
11/10/2015	11.45	11.87	11.3	11.5	19151000
11/9/2015	11.44	11.73	11.18	11.6	20873400
11/6/2015	10.95	11.88	10.93	11.66	30891200
11/5/2015	11	11.17	10.67	10.93	18897700
11/4/2015	10.33	11.03	10.33	11.02	19779100
11/3/2015	10.26	10.4	9.98	10.4	13378500
11/2/2015	10.25	10.84	10.05	10.16	14935200
10/30/2015	11.05	11.18	10.65	10.77	16176000
10/29/2015	11.35	11.48	10.8	11	21370600
10/28/2015	10.7	11.68	10.63	11.24	37984700
10/27/2015	10.73	11.1	10.14	10.88	23646900
10/26/2015	10.8	11.14	10.51	10.93	27147700
10/23/2015	10.2	10.77	10.1	10.65	25888900
10/22/2015	9.88	10.29	9.59	10.21	23365600
10/21/2015	10.93	10.97	9.95	9.95	31536700
10/20/2015	10.48	11.16	10.4	11.05	29365600
10/19/2015	10.64	10.72	10.25	10.48	20267100
10/16/2015	10.91	10.99	10.29	10.68	26108500
10/15/2015	10.32	10.79	10.21	10.72	25792900
10/14/2015	10.52	10.63	10.26	10.37	27727400
10/13/2015	10.61	10.9	10.08	10.8	44849000
10/12/2015	9.97	9.97	9.97	9.97	5410300
10/9/2015	8.8	9.24	8.7	9.06	17909900
10/8/2015	8.71	8.95	8.59	8.77	13731200
10/7/2015	8.37	8.37	8.37	8.37	0
10/6/2015	8.37	8.37	8.37	8.37	0
10/5/2015	8.37	8.37	8.37	8.37	0
10/2/2015	8.37	8.37	8.37	8.37	0
10/1/2015	8.37	8.37	8.37	8.37	0
9/30/2015	8.47	8.58	8.22	8.37	6925000
9/29/2015	8.58	8.64	8.25	8.39	10034100
9/28/2015	8.32	8.8	8.12	8.79	11811100
9/25/2015	8.9	9.05	8.2	8.38	16336100
9/24/2015	8.7	9.1	8.7	9.02	18249200
9/23/2015	8.51	8.89	8.45	8.68	16671700
9/22/2015	8.78	9.02	8.5	8.71	20049500
9/21/2015	8.07	8.89	8.02	8.78	17553000
9/18/2015	8.36	8.46	8.01	8.25	14632000
9/17/2015	8.5	8.94	8.2	8.2	25155100
9/16/2015	7.85	8.64	7.73	8.64	22033500
9/15/2015	7.73	8.11	7.54	7.85	19226700
9/14/2015	9.45	9.53	8.38	8.38	16294400
9/11/2015	9.37	9.67	9.03	9.31	16080100
9/10/2015	9.3	9.85	9.2	9.41	17733000
9/9/2015	9.4	9.74	9.11	9.5	23498400
9/8/2015	8.35	9.2	8.24	9.17	16303900
9/7/2015	8.45	8.93	8.24	8.5	19076300
9/4/2015	8.2	8.2	8.2	8.2	0
9/3/2015	8.2	8.2	8.2	8.2	0
9/2/2015	8.2	9.43	8.2	8.2	23718500
9/1/2015	9.97	9.97	9.11	9.11	16199400
8/31/2015	10.28	10.5	9.5	10.12	24287100
8/28/2015	9.52	10.21	9.35	10.21	24030600
8/27/2015	9.85	10	8.51	9.28	32346200
8/26/2015	10.36	10.98	9.45	9.45	32235300
8/25/2015	10.5	10.8	10.5	10.5	19242100
8/24/2015	12.51	12.93	11.67	11.67	37153700
8/21/2015	13.77	14.2	12.97	12.97	33873200
8/20/2015	12.8	14.42	12.61	14.41	44002800
8/19/2015	11.91	13.34	11.62	13.11	24731400
8/18/2015	14.01	14.29	12.87	12.87	23688400
8/17/2015	14	14.92	13.58	14.3	23192500
8/14/2015	13.63	14.54	13.38	13.96	33871500
8/13/2015	11.86	13.27	11.8	13.27	32653400
8/12/2015	11.28	12.57	11.2	12.06	29835100
8/11/2015	11.61	11.97	11.2	11.51	22684600
8/10/2015	11.07	11.85	10.9	11.72	24077200
8/7/2015	10.32	10.9	10.32	10.77	21083200
8/6/2015	9.8	10.38	9.68	10.13	13426100
8/5/2015	10.26	10.53	9.99	10.16	23281000
8/4/2015	9.2	9.92	9.08	9.92	18098700
8/3/2015	9.72	9.77	8.82	9.02	13999600
7/31/2015	9.43	10.04	9.32	9.65	13266200
7/30/2015	10.11	10.44	9.65	9.68	16783400
7/29/2015	9.81	10.3	9.18	10.27	19623500
7/28/2015	9.42	10.4	9.4	9.42	23101600
7/27/2015	11.2	11.77	10.44	10.44	22564000
7/24/2015	12.1	12.38	11.43	11.6	25264600
7/23/2015	11.5	12.35	11.21	12.02	23147000
7/22/2015	11.35	11.76	11.03	11.37	21350800
7/21/2015	11.1	11.8	10.96	11.56	27128800
7/20/2015	11.3	11.75	10.9	11.51	34519900
7/17/2015	10.21	10.84	10.18	10.84	27912200
7/16/2015	9.13	9.98	8.45	9.85	32490500
7/15/2015	9.32	9.32	8.8	9.13	41153900
7/14/2015	8.47	8.47	8.47	8.47	211100
7/13/2015	7.7	7.7	7.7	7.7	0
7/10/2015	7.7	7.7	7.7	7.7	0
7/9/2015	7.7	7.7	7.7	7.7	0
7/8/2015	7.7	7.7	7.7	7.7	0
7/7/2015	7.87	8.1	7.7	7.7	7686200
7/6/2015	10.45	10.45	8.55	8.55	25467800
7/3/2015	10.2	10.94	9.5	9.5	22731300
7/2/2015	11	11.35	10.55	10.55	17243300
7/1/2015	12.59	13.06	11.72	11.72	27891300
6/30/2015	11.51	13.1	11.27	13.02	29510400
6/29/2015	14.05	14.3	12.52	12.52	17060100
6/26/2015	14.51	14.78	13.91	13.91	11529500
6/25/2015	17.05	17.18	15.34	15.45	17712600
6/24/2015	17.22	17.58	16.25	17.04	14138800
6/23/2015	16.1	17.18	15.24	17.1	15333400
6/22/2015	16.63	16.63	16.63	16.63	0
6/19/2015	17.5	17.99	16.61	16.63	19150400
6/18/2015	19.98	20.27	18.1	18.45	21469100
6/17/2015	18.6	19.89	17.8	19.73	26129300
6/16/2015	19.33	19.78	18.3	18.8	25761500
6/15/2015	19.1	20.74	18.91	19.83	45424300
6/12/2015	18.14	18.98	17.62	18.85	36843100
6/11/2015	17.51	18.5	17.11	18.06	25772600
6/10/2015	17	17.7	16.75	17.51	24638700
6/9/2015	16.9	17.78	16.43	17	21812800
6/8/2015	18.7	18.7	16.9	17.09	27202700
6/5/2015	18.7	19.4	18.17	18.74	20323400
6/4/2015	19.25	19.25	17.78	18.7	27826000
6/3/2015	20.92	20.92	18.05	19.75	52480400
6/2/2015	17.75	19.02	17.75	19.02	10221000
6/1/2015	16.07	17.38	15.89	17.29	21168900
5/29/2015	15.23	16.2	14	16.13	20270400
5/28/2015	17.2	17.55	15.5	15.5	21273700
5/27/2015	17.5	17.57	16.7	17.22	20284100
5/26/2015	16.39	17.96	16.38	17.5	22767600
5/25/2015	16.05	16.78	15.53	16.37	20983500
5/22/2015	18.7	18.7	16.28	16.76	46814300
5/21/2015	15.82	17.05	15.82	17.05	20339800
5/20/2015	14.7	15.94	14.57	15.5	32936200
5/19/2015	14.01	14.7	14	14.49	25100100
5/18/2015	13.69	14.37	13.4	14.1	19644300
5/15/2015	14.02	14.15	13.19	13.19	16324200
5/14/2015	14.01	14.45	13.89	14.25	15969000
5/13/2015	14	14.9	13.81	14.25	20251500
5/12/2015	14.56	15	13.9	14.72	26770400
5/11/2015	13.7	14.89	13.37	14.55	31268400
5/8/2015	12.68	13.78	12.68	13.74	19263100
5/7/2015	12.55	12.75	12.1	12.53	5540900
5/6/2015	12.57	13.04	12.27	12.45	8277000
5/5/2015	13.12	13.12	12.3	12.55	7449500
5/4/2015	12.77	13.25	12.38	13.17	7435200
5/1/2015	12.76	12.76	12.76	12.76	0
4/30/2015	12.7	13.4	12.6	12.76	10035200
4/29/2015	12.4	13.2	12.05	12.83	12294700
4/28/2015	13.8	13.8	12.31	12.43	10209100
4/27/2015	27.04	28.27	27.04	27.41	12477700
4/24/2015	27.7	27.7	26.2	26.85	10880000
4/23/2015	28	28.72	27.3	28.05	11147000
4/22/2015	27.99	28.76	27.58	27.98	13040800
4/21/2015	25.82	27.7	25.58	27.7	10881500
4/20/2015	26.3	26.7	25.23	25.82	9664500
4/17/2015	26.7	26.97	25.81	26.32	10624400
4/16/2015	25.82	27.25	24.84	26.17	14841400
4/15/2015	29.33	29.86	27.14	27.14	19054400
4/14/2015	31.49	31.5	29.7	30.15	22374500
4/13/2015	32.35	32.7	31	32.1	22529600
4/10/2015	30.75	33.04	30.16	32.15	18024000
4/9/2015	29.76	31.99	26.95	31.11	23397200
4/8/2015	30.23	30.25	28.49	29.94	16130600
4/7/2015	29	30.99	28.5	30.45	17087800
4/6/2015	28.7	28.7	28.7	28.7	0
4/3/2015	28.18	29.25	27.45	28.7	17922300
4/2/2015	25.81	28.22	25.7	28.22	21994100
4/1/2015	24.99	26.1	24.6	25.65	10274900
3/31/2015	24.51	25.26	24.5	24.79	5126100
3/30/2015	25.5	26	24.6	24.75	8507500
3/27/2015	25	25.9	24.8	25.61	7218500
3/26/2015	26.15	26.16	24.26	25	12017400
3/25/2015	25.94	26.99	25.1	26.37	13610200
3/24/2015	25.5	26.75	24.8	25.95	19050200
3/23/2015	22.99	25.26	22.5	25.26	15359200
3/20/2015	23.4	23.5	22.51	22.96	10017000
3/19/2015	22.63	23.4	22.26	23.33	10963900
3/18/2015	22.7	22.7	22.18	22.64	7484600
3/17/2015	22.94	23.5	22.5	22.75	9573200
3/16/2015	22.43	23.25	22.09	23.03	10895000
3/13/2015	22.5	22.7	22.02	22.42	4432600
3/12/2015	22.5	23.47	22.1	22.65	7136200
3/11/2015	22.68	22.79	21.65	22.27	5912300
3/10/2015	22.59	22.59	21.81	22.5	5103800
3/9/2015	22.6	22.6	21.8	22.12	4842600
3/6/2015	22.46	23.12	22.25	22.67	6415300
3/5/2015	23	23.24	22.25	22.45	5739800
3/4/2015	21.43	23.46	21.43	22.74	9545400
3/3/2015	21.84	21.84	21.05	21.55	8778400
3/2/2015	21.7	22.29	20.9	21.89	9701100
2/27/2015	20.48	20.5	19.92	20.43	5927400
2/26/2015	20.67	20.9	19.92	20.49	6260800
2/25/2015	20.98	21.7	20.5	20.5	6417800
2/24/2015	21	21	21	21	0
2/23/2015	21	21	21	21	0
2/20/2015	21	21	21	21	0
2/19/2015	21	21	21	21	0
2/18/2015	21	21	21	21	0
2/17/2015	21.3	21.53	20.3	21	8745300
2/16/2015	19.44	21.43	19.4	21.29	14521100
2/13/2015	18.65	20.2	18.53	19.48	11903500
2/12/2015	17.85	18.8	17.7	18.65	7362200
2/11/2015	18.3	18.5	17.83	17.92	6802000
2/10/2015	18	18.28	17.56	18.19	9485200
2/9/2015	17.97	18.5	17.35	18.17	11655400
2/6/2015	16.99	18.48	16.95	17.82	20238700
2/5/2015	16	16.99	15.85	16.8	12713400
2/4/2015	15.79	16.58	15.55	16.15	10544400
2/3/2015	16.1	16.16	15.49	15.79	7312000
2/2/2015	15.8	16.17	15.08	15.95	6060800
1/30/2015	16.63	16.64	15.83	15.96	10562800
1/29/2015	16.59	17.13	15.99	16.63	22357500
1/28/2015	16.01	16.01	15.72	16.01	6004000
1/27/2015	14.55	14.55	14.55	14.55	0
1/26/2015	14.55	14.55	14.55	14.55	0
1/23/2015	14.55	14.55	14.55	14.55	0
1/22/2015	14.55	14.55	14.55	14.55	0
1/21/2015	14.55	14.55	14.55	14.55	0
1/20/2015	14.55	14.55	14.55	14.55	0
1/19/2015	14.55	14.55	14.55	14.55	0
1/16/2015	14.55	14.55	14.55	14.55	0
1/15/2015	14.55	14.55	14.55	14.55	0
1/14/2015	14.55	14.55	14.55	14.55	0
1/13/2015	13.74	15.04	13.46	14.55	13753700
1/12/2015	14.08	14.08	13.33	13.85	4616500
1/9/2015	14.4	14.48	13.9	14.1	6270400
1/8/2015	13.88	14.86	13.8	14.41	7928400
1/7/2015	14.12	14.48	13.78	14.19	7265400
1/6/2015	13	14.3	12.86	14.3	11831700
1/5/2015	13.25	13.3	12.83	13	7157100
1/2/2015	13.3	13.3	13.3	13.3	0
1/1/2015	13.3	13.3	13.3	13.3	0
12/31/2014	13.11	13.72	13.05	13.3	5514500
12/30/2014	13.46	13.86	13	13.35	6075200
12/29/2014	14.18	14.18	13.42	13.55	5383900
12/26/2014	14.2	14.28	13.8	14.19	5744200
12/25/2014	14.5	14.5	13.84	14.22	5253200
12/24/2014	13.86	14.3	13.62	14.22	4613300
12/23/2014	14.38	14.6	13.15	13.86	15360700
12/22/2014	15.8	15.9	14.36	14.46	11299800
12/19/2014	16.01	16.3	15.33	15.95	4972600
12/18/2014	16.1	16.25	15.88	16.12	4060300
12/17/2014	16.5	16.75	15.9	16.09	5243400
12/16/2014	17.17	17.5	16.59	16.68	6335500
12/15/2014	16.54	17.32	16.3	17.16	9315700
12/12/2014	16.31	16.52	16.21	16.36	4121600
12/11/2014	16.56	16.67	16.1	16.17	6352400
12/10/2014	15.83	16.6	15.71	16.55	11554900
12/9/2014	15.61	16.46	15.41	15.7	14195800
12/8/2014	15.5	16.24	15.49	15.7	10674900
12/5/2014	15.79	15.79	15.04	15.24	11275400
12/4/2014	15.95	16.45	15.2	15.98	9721100
12/3/2014	16.33	16.33	15.26	15.98	11418700
12/2/2014	16.47	16.78	16.25	16.35	8021600
12/1/2014	16.1	16.65	15.9	16.46	8511800
11/28/2014	16.74	16.86	16.1	16.16	8097300
11/27/2014	17.5	17.51	16.55	16.74	11792000
11/26/2014	17.43	17.88	17.18	17.59	5966900
11/25/2014	18.15	18.21	17.38	17.68	5074100
11/24/2014	17.8	18.8	17.78	17.98	6172300
11/21/2014	17.72	18	17.42	17.85	4343200
11/20/2014	17.68	17.97	17.51	17.83	3622200
11/19/2014	17.55	17.85	17.1	17.84	5955600
11/18/2014	17.3	17.81	17.3	17.55	6327900
11/17/2014	16.58	17.71	16.32	17.28	7228500
11/14/2014	16.45	16.6	16.01	16.58	4344200
11/13/2014	17.65	17.65	15.85	16.46	12153700
11/12/2014	17.4	17.77	17.1	17.61	4089300
11/11/2014	18.06	18.25	17.18	17.45	8524200
11/10/2014	17.89	18.4	17.18	18.18	11245400
11/7/2014	17.31	18.43	17.31	17.8	15145900
11/6/2014	16.04	17.76	15.83	17.66	17608400
11/5/2014	17.04	17.04	15.71	16.29	23581500
11/4/2014	15.5	15.5	15.5	15.5	0
11/3/2014	15.5	15.5	15.5	15.5	0
10/31/2014	15.5	15.5	15.5	15.5	0
10/30/2014	15.93	16.15	15.42	15.5	9241200
10/29/2014	15.84	16.36	15.6	15.93	10446100
10/28/2014	15.7	15.96	15.34	15.75	9145500
10/27/2014	14.6	15.65	14.5	15.61	10747600
10/24/2014	13.96	14.72	13.82	14.71	10136600
10/23/2014	14.05	14.26	13.45	13.61	7691600
10/22/2014	14.38	14.76	14.14	14.14	5643900
10/21/2014	14.84	14.89	14.4	14.47	6958700
10/20/2014	14.96	15.16	14.46	14.81	10485200
10/17/2014	14.72	15.45	14.38	15.18	10271100
10/16/2014	16.49	17.38	14.89	15.02	19458000
10/15/2014	15.91	15.91	15.91	15.91	0
10/14/2014	15.91	15.91	15.91	15.91	0
10/13/2014	15.91	15.91	15.91	15.91	0
10/10/2014	16.19	16.29	15.8	15.91	6808700
10/9/2014	16.05	16.4	15.25	16.4	17042900
10/8/2014	15	16.5	15	15.92	11926700
10/7/2014	15	15	15	15	0
10/6/2014	15	15	15	15	0
10/3/2014	15	15	15	15	0
10/2/2014	15	15	15	15	0
10/1/2014	15	15	15	15	0
9/30/2014	14.1	15.37	14.06	15	12592100
9/29/2014	13.6	14.3	13.6	14.15	8159300
9/26/2014	13.85	13.85	13.43	13.5	7424900
9/25/2014	13.85	14.11	13.73	13.86	7700800
9/24/2014	14.02	14.38	13.7	14.05	9378200
9/23/2014	14.01	14.62	13.84	13.95	11030400
9/22/2014	13.74	14.24	13.5	14	12683900
9/19/2014	12.85	14.05	12.82	13.86	15436000
9/18/2014	13.01	13.09	12.7	12.82	6392600
9/17/2014	12.36	13.19	12.21	12.91	14892700
9/16/2014	12.81	12.83	12.31	12.4	9573500
9/15/2014	12.8	12.89	12.28	12.83	10894900
9/12/2014	12.55	12.95	12.45	12.75	8820700
9/11/2014	12.58	12.77	12.15	12.64	14339500
9/10/2014	13	13.15	12.33	12.51	23513400
9/9/2014	12.15	13.42	11.95	12.9	27106700
9/8/2014	12.2	12.2	12.2	12.2	0
9/5/2014	11.16	12.27	11.1	12.2	26882800
9/4/2014	11.15	11.42	10.88	11.16	15137300
9/3/2014	11.17	11.72	11.06	11.16	19760100
9/2/2014	10.2	11.17	10.15	11.17	19883500
9/1/2014	9.65	10.2	9.63	10.15	8784900
8/29/2014	9.51	9.72	9.5	9.69	4521800
8/28/2014	9.73	9.75	9.49	9.6	6427700
8/27/2014	9.58	9.86	9.5	9.71	5599600
8/26/2014	10.17	10.17	9.55	9.7	8697800
8/25/2014	10.29	10.29	9.91	10.17	7424100
8/22/2014	10.19	10.38	10.1	10.22	6229900
8/21/2014	10.01	10.25	9.86	10.19	8905700
8/20/2014	10.18	10.28	9.95	9.96	10280400
8/19/2014	10.05	10.33	9.83	10.2	14156300
8/18/2014	9.5	10.44	9.49	9.99	17819500
8/15/2014	9.1	9.58	9.01	9.49	12484100
8/14/2014	9.14	9.32	9.08	9.08	5427300
8/13/2014	9.11	9.37	9.07	9.22	5807700
8/12/2014	9.06	9.18	9.01	9.11	3680600
8/11/2014	9.07	9.27	9.05	9.08	6227100
8/8/2014	8.84	9.2	8.82	9.07	9745100
8/7/2014	8.81	8.9	8.75	8.76	3958900
8/6/2014	8.85	8.91	8.75	8.83	4195800
8/5/2014	8.95	8.95	8.77	8.93	6480100
8/4/2014	8.8	8.87	8.62	8.86	5216800
8/1/2014	8.83	8.91	8.7	8.72	5406800
7/31/2014	8.76	8.93	8.73	8.84	5776400
7/30/2014	8.78	8.87	8.7	8.78	6435700
7/29/2014	8.5	8.72	8.47	8.7	7027100
7/28/2014	8.37	8.6	8.36	8.49	3573600
7/25/2014	8.38	8.41	8.29	8.37	2965300
7/24/2014	8.46	8.53	8.2	8.35	4865400
7/23/2014	8.69	8.76	8.46	8.52	4744000
7/22/2014	8.59	8.71	8.45	8.69	4670300
7/21/2014	8.57	8.75	8.53	8.61	3988000
7/18/2014	8.42	8.68	8.39	8.63	6938600
7/17/2014	8.31	8.52	8.26	8.46	4411100
7/16/2014	8.62	8.77	8.21	8.39	11992100
7/15/2014	9.05	9.12	8.3	8.74	12635900
7/14/2014	8.94	9.11	8.92	9.05	6301600
7/11/2014	9.12	9.16	8.91	8.97	7296700
7/10/2014	9.12	9.21	9.01	9.12	7364100
7/9/2014	9.44	9.57	9.01	9.14	11084400
7/8/2014	9	9.78	9	9.45	17824900
7/7/2014	9	9.08	8.82	9.03	5405400
7/4/2014	8.95	9.06	8.78	9.01	7313800
7/3/2014	8.92	9.21	8.88	8.99	10953400
7/2/2014	8.96	9.2	8.68	8.92	13486900
7/1/2014	8.96	9.27	8.91	9.03	9887900
6/30/2014	9.12	9.12	8.84	8.99	10198100
6/27/2014	9.19	9.28	9.01	9.12	12465400
6/26/2014	8.84	9.35	8.83	9.19	21891200
6/25/2014	8.73	9.29	8.64	9	20719000
6/24/2014	8.7	8.92	8.61	8.73	12742300
6/23/2014	8.78	8.97	8.67	8.8	15450100
6/20/2014	8.33	9.01	8.29	8.86	14780000
6/19/2014	9.1	9.16	8.34	8.52	16636200
6/18/2014	9	9.22	8.79	9.04	18129400
6/17/2014	8.6	9.45	8.6	9.19	29629700
6/16/2014	8.99	9.04	8.63	8.73	30398400
6/13/2014	7.92	8.69	7.91	8.69	14870100
6/12/2014	8.01	8.07	7.89	7.9	7042800
6/11/2014	7.83	8.02	7.75	8.02	6861600
6/10/2014	7.79	7.83	7.55	7.83	7986500
6/9/2014	7.91	7.97	7.73	7.79	6688900
6/6/2014	7.93	8.18	7.9	7.98	7523700
6/5/2014	7.73	8.02	7.68	8	6589400
6/4/2014	7.93	7.93	7.61	7.73	6812200
6/3/2014	8.05	8.16	7.81	7.9	10206400
6/2/2014	8.12	8.12	8.12	8.12	0
5/30/2014	7.9	8.26	7.83	8.12	14507300
5/29/2014	7.9	8.05	7.8	7.9	11910800
5/28/2014	7.76	7.92	7.7	7.9	11886000
5/27/2014	7.42	7.99	7.33	7.85	20295600
5/26/2014	7.45	7.72	7.42	7.44	12938300
5/23/2014	7.46	7.55	7.31	7.47	5879100
5/22/2014	7.6	7.68	7.4	7.5	9096800
5/21/2014	7.59	7.77	7.42	7.64	9168900
5/20/2014	7.34	7.59	7.29	7.59	10748100
5/19/2014	7.53	7.74	7.18	7.26	10331100
5/16/2014	7.32	7.68	7.29	7.64	11464800
5/15/2014	7.19	7.58	7.19	7.34	8843600
5/14/2014	7.24	7.25	7.1	7.19	2654400
5/13/2014	7.35	7.35	7.19	7.23	3106300
5/12/2014	7.12	7.33	7.1	7.31	4525600
5/9/2014	7.13	7.25	7.02	7.04	4679700
5/8/2014	7.05	7.42	7.01	7.19	8516200
5/7/2014	7.1	7.45	7.09	7.2	15152900
5/6/2014	6.85	7.22	6.77	7.12	8831600
5/5/2014	6.8	6.85	6.71	6.83	3812900
5/2/2014	6.73	6.73	6.73	6.73	0
5/1/2014	6.73	6.73	6.73	6.73	0
4/30/2014	6.65	6.77	6.59	6.73	3537600
4/29/2014	6.55	6.68	6.5	6.65	3991600
4/28/2014	6.81	6.87	6.5	6.53	5846200
4/25/2014	7.19	7.3	6.82	6.86	8058400
4/24/2014	7.4	7.46	7.19	7.25	4774900
4/23/2014	7.41	7.56	7.4	7.43	3363200
4/22/2014	7.38	7.52	7.26	7.43	6347400
4/21/2014	7.5	7.63	7.34	7.4	5979400
4/18/2014	7.49	7.58	7.47	7.56	4469800
4/17/2014	7.52	7.58	7.46	7.51	4747800
4/16/2014	7.42	7.59	7.39	7.52	6678500
4/15/2014	7.65	7.66	7.41	7.46	9105600
4/14/2014	7.55	7.67	7.52	7.64	6909300
4/11/2014	7.5	7.62	7.42	7.55	14594200
4/10/2014	7.99	8.19	7.7	7.72	23137100
4/9/2014	7.7	7.97	7.54	7.97	21866200
4/8/2014	7.65	7.73	7.49	7.7	15179500
4/7/2014	7.67	7.67	7.67	7.67	0
4/4/2014	7.73	7.76	7.52	7.67	19049400
4/3/2014	7.9	8.17	7.71	7.85	19617300
4/2/2014	8.19	8.27	7.83	7.93	27643400
4/1/2014	8.05	8.48	7.8	8.33	34125300
3/31/2014	7.7	8.28	7.38	8.13	30093000
3/28/2014	7.8	8.47	7.8	7.9	40953500
3/27/2014	7.31	8.12	7.26	8.12	50275800
3/26/2014	7.13	7.4	7.07	7.38	18576900
3/25/2014	6.97	7.67	6.97	7.11	15061700
3/24/2014	6.86	7.14	6.86	6.97	8907400
3/21/2014	6.69	6.96	6.58	6.94	7455400
3/20/2014	6.9	6.97	6.66	6.7	5764100
3/19/2014	6.73	7	6.68	6.95	7375600
3/18/2014	6.71	6.78	6.66	6.73	4694800
3/17/2014	6.49	6.73	6.49	6.71	4975400
3/14/2014	6.56	6.57	6.41	6.53	2393100
3/13/2014	6.43	6.6	6.41	6.57	2956400
3/12/2014	6.41	6.52	6.29	6.47	3649600
3/11/2014	6.4	6.48	6.35	6.43	3637800
3/10/2014	6.7	6.7	6.35	6.4	4860100
3/7/2014	6.78	6.86	6.74	6.79	4245400
3/6/2014	6.65	6.8	6.5	6.79	6717500
3/5/2014	6.72	6.76	6.64	6.66	4022000
3/4/2014	6.63	6.74	6.57	6.73	6259900
3/3/2014	6.55	6.64	6.48	6.64	5728900
2/28/2014	6.5	6.58	6.35	6.56	6324400
2/27/2014	6.84	6.85	6.48	6.49	6978100
2/26/2014	6.62	6.78	6.46	6.78	6353900
2/25/2014	6.98	7.29	6.61	6.7	14954900
2/24/2014	6.88	6.99	6.74	6.97	6200700
2/21/2014	6.74	6.94	6.73	6.88	4972800
2/20/2014	7.05	7.05	6.78	6.79	8048900
2/19/2014	7	7.06	6.87	7.05	8832900
2/18/2014	7.08	7.08	6.94	7.05	9682200
2/17/2014	6.84	7.07	6.81	7.07	12112500
2/14/2014	6.57	6.83	6.52	6.8	8755300
2/13/2014	6.76	6.85	6.55	6.56	8606800
2/12/2014	6.58	6.84	6.58	6.78	9073200
2/11/2014	6.64	6.73	6.54	6.61	9639400
2/10/2014	6.58	6.71	6.55	6.67	10609900
2/7/2014	6.38	6.58	6.3	6.57	9841500
2/6/2014	6.39	6.39	6.39	6.39	0
2/5/2014	6.39	6.39	6.39	6.39	0
2/3/2014	6.39	6.39	6.39	6.39	0
1/31/2014	6.39	6.39	6.39	6.39	0
1/30/2014	6.38	6.41	6.29	6.39	4503600
1/29/2014	6.26	6.41	6.22	6.38	5076400
1/28/2014	6.3	6.36	6.2	6.25	6025300
1/27/2014	6.38	6.41	6.29	6.32	6444900
1/24/2014	6.38	6.45	6.35	6.4	9472900
1/23/2014	6.34	6.5	6.34	6.4	13557300
1/22/2014	6.33	6.39	6.25	6.33	10575100
1/21/2014	6.15	6.33	6.15	6.33	6553400
1/20/2014	6.22	6.34	6.12	6.16	7362800
1/17/2014	6.18	6.33	6.12	6.27	8199900
1/16/2014	6.19	6.25	6.14	6.18	4690200
1/15/2014	5.99	6.35	5.97	6.21	13284500
1/14/2014	5.88	5.99	5.81	5.98	3585400
1/13/2014	5.76	5.86	5.72	5.82	3653000
1/10/2014	5.92	5.95	5.7	5.76	6761100
1/9/2014	6.23	6.29	5.99	5.99	8000900
1/8/2014	6.15	6.44	6.15	6.25	14359300
1/7/2014	6	6.19	5.86	6.15	7640100
1/6/2014	6.22	6.25	6.03	6.03	6941200
1/3/2014	6.27	6.39	6.21	6.23	13032400
1/2/2014	6.15	6.34	6.11	6.3	11139400
1/1/2014	6.17	6.17	6.17	6.17	0
12/31/2013	6.14	6.22	6.03	6.17	10568300
12/30/2013	6.03	6.19	5.95	6.15	7292100
12/27/2013	5.85	6.04	5.85	5.98	6343700
12/26/2013	5.96	6.02	5.81	5.87	3057400
12/25/2013	5.85	5.99	5.84	5.96	4445700
12/24/2013	5.82	5.91	5.79	5.87	2788000
12/23/2013	6	6.04	5.65	5.82	4045000
12/20/2013	6.14	6.18	5.96	6	3592300
12/19/2013	6.21	6.27	6.1	6.14	4700000
12/18/2013	6.06	6.26	6	6.23	12333400
12/17/2013	6.01	6.07	5.93	6.07	7727900
12/16/2013	6.06	6.14	5.97	5.98	3912000
12/13/2013	6.04	6.11	6.01	6.09	3106300
12/12/2013	6.03	6.19	6	6.08	4094400
12/11/2013	6.2	6.21	5.93	6.03	7343200
12/10/2013	6.16	6.35	6.11	6.21	13346700
12/9/2013	6.1	6.2	6.01	6.19	10208500
12/6/2013	6.23	6.28	6.03	6.07	8578600
12/5/2013	6.1	6.37	6.06	6.33	10742600
12/4/2013	5.9	6.22	5.9	6.17	7483100
12/3/2013	5.88	6	5.74	5.97	6592400
12/2/2013	6.41	6.42	5.93	5.93	9671700
11/29/2013	6.33	6.65	6.33	6.59	10346800
11/28/2013	6.31	6.43	6.31	6.37	5046800
11/27/2013	6.25	6.36	6.24	6.33	4573500
11/26/2013	6.24	6.39	6.2	6.28	3974100
11/25/2013	6.23	6.29	6.22	6.24	3448100
11/22/2013	6.53	6.53	6.18	6.28	9772900
11/21/2013	6.5	6.5	6.5	6.5	0
11/20/2013	6.5	6.5	6.5	6.5	0
11/19/2013	6.5	6.5	6.5	6.5	0
11/18/2013	6.59	6.73	6.48	6.5	8816900
11/15/2013	6.62	6.74	6.57	6.57	5585900
11/14/2013	6.45	6.63	6.28	6.62	2629200
11/13/2013	6.51	6.65	6.49	6.5	1837800
11/12/2013	6.38	6.53	6.38	6.51	652200
11/11/2013	6.39	6.51	6.35	6.48	1019900
11/8/2013	6.29	6.51	6.29	6.4	1603600
11/7/2013	6.51	6.6	6.42	6.43	1577200
11/6/2013	6.66	6.8	6.55	6.59	1609900
11/5/2013	6.45	6.74	6.45	6.72	2452500
11/4/2013	6.59	6.77	6.46	6.49	2299900
11/1/2013	6.7	6.79	6.52	6.66	3249200
10/31/2013	6.42	6.78	6.42	6.73	8699600
10/30/2013	6.31	6.6	6.31	6.51	6630400
10/29/2013	6.45	6.56	6.28	6.38	7233900
10/28/2013	6.25	6.49	6.25	6.4	2038000
10/25/2013	6.4	6.47	6.27	6.34	2098000
10/24/2013	6.25	6.47	6.25	6.42	1514300
10/23/2013	6.56	6.75	6.25	6.43	4181400
10/22/2013	6.7	6.8	6.53	6.6	3128800
10/21/2013	6.5	6.77	6.5	6.68	4468600
10/18/2013	6.63	6.64	6.45	6.6	3329700
10/17/2013	6.81	6.94	6.6	6.61	4386300
10/16/2013	6.99	6.99	6.62	6.81	6969400
10/15/2013	6.8	7.2	6.8	7	12437200
10/14/2013	6.59	6.89	6.55	6.8	6937300
10/11/2013	6.51	6.63	6.39	6.6	5553300
10/10/2013	6.51	6.66	6.48	6.51	6935900
10/9/2013	6.43	6.59	6.43	6.51	4266000
10/8/2013	6.35	6.52	6.31	6.52	7139500
10/7/2013	6.38	6.38	6.38	6.38	0
10/4/2013	6.38	6.38	6.38	6.38	0
10/3/2013	6.38	6.38	6.38	6.38	0
10/2/2013	6.38	6.38	6.38	6.38	0
10/1/2013	6.38	6.38	6.38	6.38	0
9/30/2013	6.31	6.54	6.25	6.38	4433200
9/27/2013	6.17	6.33	6.17	6.31	5048000
9/26/2013	6.28	6.33	6.17	6.26	6009000
9/25/2013	6.11	6.37	6.11	6.28	8765000
9/24/2013	6.08	6.15	6	6.15	5989400
9/23/2013	5.95	6.1	5.95	6.07	4533400
9/20/2013	5.96	5.96	5.96	5.96	0
9/18/2013	5.86	5.98	5.85	5.96	3249600
9/17/2013	5.96	6.01	5.87	5.89	3607600
9/16/2013	6.02	6.02	5.94	5.98	5044500
9/13/2013	5.89	5.98	5.84	5.96	6398400
9/12/2013	5.9	6	5.85	5.9	9048800
9/11/2013	6.08	6.19	5.88	5.96	10800700
9/10/2013	6.1	6.16	6.01	6.08	8706300
9/9/2013	6.16	6.17	6.03	6.16	8556400
9/6/2013	5.92	6.19	5.92	6.18	15574100
9/5/2013	6.15	6.2	5.93	6	20044300
9/4/2013	5.73	6.09	5.71	6.08	17830500
9/3/2013	5.71	5.8	5.69	5.75	4214000
9/2/2013	5.61	5.72	5.51	5.7	3982400
8/30/2013	5.72	5.76	5.57	5.6	7379700
8/29/2013	5.7	5.77	5.65	5.72	4053600
8/28/2013	5.86	5.86	5.68	5.71	6517600
8/27/2013	5.83	5.95	5.82	5.89	6473800
8/26/2013	5.75	5.89	5.69	5.85	7264100
8/23/2013	5.82	5.84	5.61	5.7	7052600
8/22/2013	5.77	5.85	5.72	5.83	5075300
8/21/2013	5.76	5.82	5.69	5.8	5318700
8/20/2013	5.61	5.93	5.59	5.78	9277100
8/19/2013	5.5	5.65	5.5	5.63	3328800
8/16/2013	5.65	5.76	5.51	5.51	6662800
8/15/2013	5.83	5.89	5.69	5.71	6562700
8/14/2013	5.76	5.99	5.68	5.84	10452100
8/13/2013	5.68	5.79	5.63	5.76	5792800
8/12/2013	5.56	5.67	5.56	5.66	5385300
8/9/2013	5.66	5.73	5.47	5.6	6133000
8/8/2013	5.6	5.74	5.6	5.67	4585500
8/7/2013	5.76	5.78	5.56	5.6	5682100
8/6/2013	5.8	5.81	5.66	5.79	5388000
8/5/2013	5.7	5.86	5.67	5.77	8218000
8/2/2013	5.65	5.89	5.58	5.7	14934600
8/1/2013	5.4	5.63	5.4	5.62	9849000
7/31/2013	5.32	5.54	5.3	5.41	6468800
7/30/2013	5.28	5.35	5.11	5.32	5778800
7/29/2013	5.25	5.42	5.23	5.28	5050800
7/26/2013	5.25	5.35	5.21	5.28	5398700
7/25/2013	5.51	5.54	5.29	5.3	6224600
7/24/2013	5.5	5.56	5.41	5.51	7808800
7/23/2013	5.47	5.61	5.42	5.52	9659900
7/22/2013	5.26	5.54	5.18	5.52	10146100
7/19/2013	5.22	5.41	5.22	5.25	9480400
7/18/2013	5.23	5.34	5.16	5.26	6547100
7/17/2013	5.3	5.34	5.16	5.19	7694000
7/16/2013	5.18	5.45	5.15	5.34	10972300
7/15/2013	5.08	5.18	5.07	5.17	5200000
7/12/2013	5.15	5.21	5.08	5.1	6511300
7/11/2013	5.07	5.22	5	5.13	10924400
7/10/2013	4.8	5.07	4.75	5.05	12712200
7/9/2013	4.85	4.93	4.75	4.78	7052100
7/8/2013	5.1	5.12	4.85	4.85	5027500
7/5/2013	5.21	5.29	5.18	5.2	3602600
7/4/2013	5.16	5.32	5.15	5.26	4697400
7/3/2013	5.33	5.33	5.11	5.25	5680200
7/2/2013	5.24	5.36	5.22	5.35	4704900
7/1/2013	5.15	5.29	5.15	5.26	2420000
6/28/2013	5.15	5.35	5.08	5.18	2783400
6/27/2013	5.28	5.38	5.01	5.3	5780900
6/26/2013	5.15	5.3	5.08	5.28	5284800
6/25/2013	5.03	5.22	4.78	5.14	5575600
6/24/2013	5.58	5.6	5.1	5.12	5344800
6/21/2013	5.52	5.71	5.42	5.62	4284200
6/20/2013	5.92	5.95	5.71	5.72	5029100
6/19/2013	5.87	5.95	5.8	5.95	5123000
6/18/2013	5.99	5.99	5.85	5.89	4454100
6/17/2013	5.92	6.01	5.85	5.9	4462700
6/14/2013	5.79	5.95	5.76	5.92	4358200
6/13/2013	5.92	5.92	5.56	5.76	5346800
6/12/2013	5.99	5.99	5.99	5.99	0
6/11/2013	5.99	5.99	5.99	5.99	0
6/10/2013	5.99	5.99	5.99	5.99	0
6/7/2013	6.1	6.17	5.96	5.99	6740400
6/6/2013	6.18	6.24	6.08	6.09	6354200
6/5/2013	6.31	6.35	6.17	6.2	8831400
6/4/2013	6.6	6.62	6.25	6.31	9491400
6/3/2013	6.64	6.71	6.54	6.56	13484100
5/31/2013	6.56	6.78	6.4	6.65	26188700
5/30/2013	6.53	6.64	6.44	6.51	13337700
5/29/2013	6.38	6.64	6.36	6.55	18607700
5/28/2013	6.79	6.83	6.32	6.41	26274000
5/27/2013	7	7.05	6.73	6.79	14067100
5/24/2013	6.87	7.02	6.82	6.97	14093000
5/23/2013	6.82	7.07	6.73	6.79	18336900
5/22/2013	7.03	7.05	6.73	6.89	22335000
5/21/2013	6.67	7.19	6.52	6.98	33259400
5/20/2013	6.44	6.79	6.4	6.68	19529100
5/17/2013	6.25	6.58	6.18	6.44	15791100
5/16/2013	6.01	6.6	6	6.33	17965700
5/15/2013	6.01	6.09	5.93	6.08	2308200
5/14/2013	6.01	6.04	5.87	5.95	1807800
5/13/2013	6.08	6.15	5.98	6.03	3118200
5/10/2013	6.15	6.21	6.08	6.13	4330700
5/9/2013	6.04	6.23	5.95	6.15	6737200
5/8/2013	5.93	6.07	5.91	6.05	3125100
5/7/2013	5.92	5.94	5.86	5.93	1106500
5/6/2013	5.9	5.93	5.85	5.92	2706500
5/3/2013	5.83	5.93	5.8	5.88	1049300
5/2/2013	5.81	5.85	5.73	5.83	1302900
5/1/2013	5.84	5.84	5.84	5.84	0
4/30/2013	5.84	5.84	5.84	5.84	0
4/29/2013	5.84	5.84	5.84	5.84	0
4/26/2013	5.92	6.02	5.82	5.84	2145400
4/25/2013	5.86	6.04	5.8	5.93	3062300
4/24/2013	5.76	5.88	5.76	5.88	840900
4/23/2013	5.87	5.88	5.75	5.79	2905900
4/22/2013	5.74	5.89	5.74	5.87	1804200
4/19/2013	5.73	5.82	5.6	5.78	1571700
4/18/2013	5.71	5.74	5.64	5.73	952300
4/17/2013	5.64	5.72	5.61	5.71	1061800
4/16/2013	5.51	5.67	5.51	5.65	1185800
4/15/2013	5.72	5.72	5.51	5.56	1207300
4/12/2013	5.61	5.77	5.59	5.65	1689400
4/11/2013	5.64	5.68	5.61	5.65	871700
4/10/2013	5.62	5.65	5.55	5.61	1161200
4/9/2013	5.65	5.69	5.58	5.66	1596500
4/8/2013	5.66	5.66	5.41	5.62	1739500
4/5/2013	5.7	5.7	5.7	5.7	0
4/4/2013	5.7	5.7	5.7	5.7	0
4/3/2013	5.82	5.87	5.69	5.7	2242700
4/2/2013	5.98	6.04	5.84	5.85	1972700
4/1/2013	5.87	5.99	5.86	5.96	1177000
3/29/2013	5.98	5.99	5.88	5.92	1332600
3/28/2013	6.1	6.1	5.9	5.92	3350900
3/27/2013	6.12	6.25	6.1	6.21	2886300
3/26/2013	6.18	6.18	6.05	6.13	2886800
3/25/2013	6.22	6.24	6.07	6.21	2428700
3/22/2013	6.18	6.22	6.14	6.2	2015100
3/21/2013	6.12	6.25	6.09	6.19	3323700
3/20/2013	5.92	6.11	5.9	6.11	3230600
3/19/2013	5.87	5.95	5.83	5.94	2247900
3/18/2013	6.03	6.06	5.87	5.89	2966700
3/15/2013	6.08	6.18	6	6.05	3676500
3/14/2013	6.12	6.18	6.06	6.09	2702400
3/13/2013	6.21	6.24	6.03	6.12	4352400
3/12/2013	6.42	6.48	6.13	6.21	5782100
3/11/2013	6.37	6.48	6.31	6.42	6507600
3/8/2013	6.45	6.95	6.45	6.53	13897400
3/7/2013	6.47	6.54	6.3	6.35	5255500
3/6/2013	6.32	6.47	6.32	6.45	4561900
3/5/2013	6.2	6.36	6.18	6.32	4885100
3/4/2013	6.53	6.53	6.17	6.23	8208100
3/1/2013	6.47	6.66	6.39	6.61	12393600
2/28/2013	6.43	6.47	6.28	6.42	7104300
2/27/2013	6.22	6.5	6.08	6.43	9240300
2/26/2013	6.38	6.48	6.19	6.2	6029000
2/25/2013	6.4	6.5	6.28	6.45	5479200
2/22/2013	6.34	6.48	6.34	6.36	6033600
2/21/2013	6.5	6.63	6.26	6.37	10992800
2/20/2013	6.23	6.76	6.23	6.64	17948600
2/19/2013	6.38	6.5	6.23	6.26	5183400
2/18/2013	6.3	6.37	6.21	6.35	6059200
2/15/2013	6.28	6.28	6.28	6.28	0
2/14/2013	6.28	6.28	6.28	6.28	0
2/13/2013	6.28	6.28	6.28	6.28	0
2/12/2013	6.28	6.28	6.28	6.28	0
2/11/2013	6.28	6.28	6.28	6.28	0
2/8/2013	6.2	6.65	6.2	6.28	9403600
2/7/2013	6.16	6.18	6.04	6.15	2758800
2/6/2013	6.07	6.12	6.04	6.09	2445300
2/5/2013	5.96	6.06	5.96	6.06	1516500
2/4/2013	6.12	6.14	5.97	6.01	3239900
2/1/2013	6.12	6.16	6.08	6.12	3665700
1/31/2013	6.02	6.11	5.98	6.11	3560600
1/30/2013	6.1	6.1	5.96	6.04	3657900
1/29/2013	5.91	6.13	5.91	6.07	5460000
1/28/2013	5.81	5.92	5.81	5.91	2886400
1/25/2013	5.84	5.88	5.79	5.81	2314900
1/24/2013	6.09	6.12	5.76	5.84	6092000
1/23/2013	6.1	6.11	5.96	6.07	3701800
1/22/2013	6.3	6.3	6.05	6.1	5585400
1/21/2013	6.32	6.36	6.26	6.31	5673200
1/18/2013	6.35	6.42	6.21	6.36	7062400
1/17/2013	6.3	6.75	6.28	6.4	15093500
1/16/2013	6.22	6.29	6.09	6.28	10786800
1/15/2013	6.2	6.37	6.2	6.33	8553900
1/14/2013	6.03	6.24	5.95	6.22	9761300
1/11/2013	6.15	6.25	5.92	6.03	7145900
1/10/2013	6.09	6.18	6.05	6.15	5504300
1/9/2013	6.16	6.19	6.05	6.1	5071100
1/8/2013	6.09	6.21	6.03	6.15	4908300
1/7/2013	5.97	6.1	5.97	6.06	2337200
1/4/2013	6.13	6.19	6	6.04	2277000
1/3/2013	6.11	6.11	6.11	6.11	0
1/2/2013	6.11	6.11	6.11	6.11	0
1/1/2013	6.11	6.11	6.11	6.11	0
12/31/2012	6.15	6.21	6.06	6.11	2159700
12/28/2012	6	6.17	5.92	6.15	4147100
12/27/2012	6.11	6.18	5.96	5.96	3471200
12/26/2012	5.88	6.14	5.83	6.1	4063100
12/25/2012	5.7	5.91	5.7	5.88	3003600
12/24/2012	5.74	5.81	5.67	5.74	1768900
12/21/2012	5.67	5.77	5.61	5.76	3216100
12/20/2012	5.62	5.72	5.6	5.66	1954000
12/19/2012	5.59	5.68	5.59	5.66	1309400
12/18/2012	5.62	5.74	5.57	5.61	2275700
12/17/2012	5.56	5.68	5.56	5.6	2479200
12/14/2012	5.28	5.63	5.28	5.6	3307300
12/13/2012	5.46	5.52	5.36	5.37	1032900
12/12/2012	5.49	5.54	5.4	5.51	2017700
12/11/2012	5.55	5.6	5.49	5.54	2209000
12/10/2012	5.48	5.61	5.44	5.61	2432300
12/7/2012	5.29	5.48	5.28	5.45	2549300
12/6/2012	5.3	5.38	5.28	5.33	1509900
12/5/2012	5.13	5.4	5.09	5.32	2482000
12/4/2012	5.1	5.22	4.95	5.15	1997200
12/3/2012	5.33	5.37	5.13	5.14	788200
11/30/2012	5.22	5.36	5.22	5.33	1197000
11/29/2012	5.48	5.48	5.26	5.28	1036500
11/28/2012	5.53	5.57	5.36	5.4	1256400
11/27/2012	5.89	5.91	5.6	5.61	1449400
11/26/2012	6	6	5.88	5.88	611700
11/23/2012	6.08	6.08	5.98	5.99	1597800
11/22/2012	6.1	6.1	5.99	6.03	1136800
11/21/2012	6.03	6.14	6	6.13	1850800
11/20/2012	6.11	6.19	6.05	6.08	2214100
11/19/2012	6	6.15	5.92	6.15	1932200
11/16/2012	6.04	6.09	5.89	5.98	1762500
11/15/2012	6.2	6.26	6.08	6.08	1548700
11/14/2012	6.2	6.23	6.11	6.2	657200
11/13/2012	6.28	6.3	6.14	6.23	1211600
11/12/2012	6.24	6.33	6.17	6.28	1072800
11/9/2012	6.21	6.28	6.01	6.2	1224800
11/8/2012	6.42	6.45	6.21	6.21	1661400
11/7/2012	6.4	6.5	6.36	6.42	1934300
11/6/2012	6.62	6.62	6.31	6.5	2608900
11/5/2012	6.63	6.66	6.52	6.61	2571800
11/2/2012	6.72	6.72	6.63	6.63	1911800
11/1/2012	6.61	6.76	6.61	6.69	3574500
10/31/2012	6.67	6.67	6.51	6.62	2916600
10/30/2012	6.6	6.76	6.6	6.67	2184400
10/29/2012	6.65	6.74	6.61	6.68	2155100
10/26/2012	6.7	6.84	6.63	6.73	3689200
10/25/2012	6.71	7.45	6.69	6.89	10339700
10/24/2012	6.76	6.83	6.69	6.77	2091800
10/23/2012	6.86	6.95	6.74	6.8	2699500
10/22/2012	6.72	6.87	6.71	6.86	1801500
10/19/2012	6.99	6.99	6.77	6.82	2507900
10/18/2012	6.82	7	6.76	6.9	4114600
10/17/2012	6.89	6.93	6.7	6.8	2557000
10/16/2012	6.66	6.95	6.64	6.84	3977400
10/15/2012	6.69	6.76	6.56	6.7	1192200
10/12/2012	6.81	6.9	6.67	6.76	2385200
10/11/2012	6.93	6.94	6.67	6.83	4868600
10/10/2012	6.98	7.1	6.9	6.97	4774300
10/9/2012	6.8	7.16	6.77	7.02	5534700
10/8/2012	6.85	6.85	6.68	6.79	3395100
10/5/2012	6.79	6.79	6.79	6.79	0
10/4/2012	6.79	6.79	6.79	6.79	0
10/3/2012	6.79	6.79	6.79	6.79	0
10/2/2012	6.79	6.79	6.79	6.79	0
10/1/2012	6.79	6.79	6.79	6.79	0
9/28/2012	6.53	6.87	6.5	6.79	3701000
9/27/2012	6.55	6.68	6.39	6.62	3784500
9/26/2012	6.7	6.9	6.38	6.52	2502600
9/25/2012	6.47	6.64	6.36	6.58	2393100
9/24/2012	6.44	6.62	6.35	6.5	1252600
9/21/2012	6.45	6.54	6.39	6.47	1396100
9/20/2012	6.64	6.64	6.36	6.46	1919000
9/19/2012	6.62	6.74	6.56	6.72	1189300
9/18/2012	6.6	6.73	6.55	6.63	1327300
9/17/2012	6.89	6.94	6.56	6.67	2395700
9/14/2012	6.97	6.99	6.81	6.93	2195100
9/13/2012	7.1	7.11	6.9	6.9	2652300
9/12/2012	7.13	7.22	6.96	7.1	4005800
9/11/2012	7.27	7.27	7.02	7.09	3865800
9/10/2012	7.15	7.33	7.1	7.28	4000100
9/7/2012	6.97	7.28	6.93	7.16	6141200
9/6/2012	6.98	7.04	6.86	6.97	3897600
9/5/2012	6.74	7.06	6.74	6.95	5386600
9/4/2012	6.66	6.84	6.66	6.76	3042500
9/3/2012	6.56	6.75	6.53	6.69	1429500
8/31/2012	6.51	6.66	6.45	6.6	1165600
8/30/2012	6.76	6.86	6.36	6.52	3075100
8/29/2012	6.7	6.84	6.57	6.78	2749700
8/28/2012	6.6	6.79	6.52	6.69	2306300
8/27/2012	6.63	6.77	6.15	6.69	3308800
8/24/2012	6.86	7.28	6.76	6.8	5895900
8/23/2012	6.64	6.89	6.61	6.86	3016300
8/22/2012	6.75	6.81	6.6	6.66	1928300
8/21/2012	6.6	6.84	6.56	6.77	2577900
8/20/2012	6.53	6.68	6.43	6.64	1340100
8/17/2012	6.6	6.66	6.48	6.59	1540000
8/16/2012	6.88	6.88	6.59	6.59	2998400
8/15/2012	6.78	7.1	6.71	6.92	4210400
8/14/2012	6.52	7.16	6.38	6.89	8709400
8/13/2012	6.62	6.73	6.5	6.52	2735200
8/10/2012	6.97	6.97	6.64	6.64	7044500
8/9/2012	6.21	6.83	6.17	6.83	7468100
8/8/2012	6.28	6.33	6.12	6.21	1503000
8/7/2012	6.18	6.34	6.18	6.33	1669000
8/6/2012	6	6.26	5.98	6.24	1747300
8/3/2012	5.91	6.05	5.88	6.05	1270600
8/2/2012	5.95	6.02	5.88	5.9	1353700
8/1/2012	5.82	6.06	5.82	5.98	1766300
7/31/2012	6.08	6.08	5.84	5.84	1521100
7/30/2012	6.45	6.45	6.07	6.1	1427500
7/27/2012	6.43	6.46	6.36	6.38	866500
7/26/2012	6.46	6.54	6.35	6.42	1323400
7/25/2012	6.41	6.6	6.41	6.5	1505200
7/24/2012	6.39	6.58	6.35	6.5	1722700
7/23/2012	6.65	6.65	6.3	6.53	3282500
7/20/2012	6.72	6.81	6.65	6.69	1931500
7/19/2012	6.68	6.85	6.63	6.71	3346100
7/18/2012	6.75	6.79	6.55	6.76	2536400
7/17/2012	6.69	6.76	6.61	6.75	1312900
7/16/2012	6.98	7	6.6	6.71	3555800
7/13/2012	7.09	7.35	7	7.04	3501800
7/12/2012	7.23	7.27	6.91	7.16	6898100
7/11/2012	7.92	7.92	7.13	7.34	10269200
7/10/2012	7.98	8.03	7.66	7.92	4800200
7/9/2012	7.95	8.27	7.78	7.96	10041400
7/6/2012	7.87	8.15	7.64	8.05	9162900
7/5/2012	7.71	7.94	7.46	7.86	7940800
7/4/2012	7.76	7.89	7.51	7.75	6058500
7/3/2012	7.7	7.98	7.7	7.77	5433300
7/2/2012	7.68	7.87	7.59	7.76	5213300
6/29/2012	7.41	7.8	7.33	7.66	5802900
6/28/2012	7.81	7.89	7.5	7.5	6324000
6/27/2012	8.04	8.18	7.86	7.86	7498700
6/26/2012	7.78	8.16	7.7	8.13	8340500
6/25/2012	8.09	8.16	7.89	7.95	6693800
6/22/2012	8.19	8.19	8.19	8.19	0
6/21/2012	8.52	8.54	8.06	8.19	15704600
6/20/2012	7.62	8.4	7.62	8.4	14794900
6/19/2012	7.45	7.68	7.42	7.64	5756700
6/18/2012	7.23	7.88	7.22	7.49	7065200
6/15/2012	7.26	7.29	7.17	7.22	3266200
6/14/2012	7.14	7.27	7.08	7.22	3483400
6/13/2012	7	7.24	6.92	7.18	4930400
6/12/2012	7.09	7.1	6.98	6.98	2381300
6/11/2012	6.82	7.16	6.81	7.1	3949500
6/8/2012	6.8	6.88	6.67	6.86	2006500
6/7/2012	6.98	6.98	6.71	6.71	1918300
6/6/2012	6.99	7	6.81	6.83	1748100
6/5/2012	6.92	7	6.85	6.9	1660500
6/4/2012	7.09	7.15	6.88	6.95	3001000
6/1/2012	7.21	7.27	7.08	7.25	3150500
5/31/2012	6.98	7.33	6.96	7.22	5053800
5/30/2012	7	7.17	6.97	7.05	3053100
5/29/2012	6.86	7.07	6.8	7	3628900
5/28/2012	6.76	6.86	6.67	6.84	2307100
5/25/2012	7.12	7.17	6.79	6.79	3826700
5/24/2012	7.3	7.32	7.14	7.16	2561500
5/23/2012	7.4	7.48	7.22	7.33	3608000
5/22/2012	7.4	7.5	7.39	7.43	2476200
5/21/2012	7.45	7.45	7.28	7.39	1893100
5/18/2012	7.53	7.54	7.27	7.37	3447600
5/17/2012	7.53	7.85	7.51	7.62	3533400
5/16/2012	16.28	16.36	15.66	15.66	4762400
5/15/2012	15.78	16.32	15.75	16.32	3776600
5/14/2012	16.28	16.44	16.01	16.08	4340300
5/11/2012	16.55	16.64	16.13	16.13	6121400
5/10/2012	16.97	17.23	16.5	16.64	8675800
5/9/2012	16.43	16.88	16.22	16.5	6975000
5/8/2012	16.65	16.74	16.28	16.45	6921300
5/7/2012	15.73	17.04	15.6	16.73	12241700
5/4/2012	15.21	15.9	15.16	15.82	5743600
5/3/2012	15.24	15.24	15	15.2	2483800
5/2/2012	15.14	15.28	15.05	15.19	3129000
5/1/2012	15.01	15.01	15.01	15.01	0
4/30/2012	15.01	15.01	15.01	15.01	0
4/27/2012	14.83	15.13	14.7	15.01	4033900
4/26/2012	14.76	14.98	14.58	14.79	3369900
4/25/2012	14.68	14.8	14.47	14.61	4461900
4/24/2012	15.01	15.19	14.19	14.7	5743700
4/23/2012	16.48	16.48	14.91	15.08	10610000
4/20/2012	16.01	16.58	15.99	16.57	9515500
4/19/2012	16.06	16.16	15.78	16.16	5971000
4/18/2012	15.76	16.19	15.61	16.05	6723500
4/17/2012	16	16.09	15.61	15.65	3619900
4/16/2012	16.08	16.18	15.74	16.02	5440500
4/13/2012	16.38	16.46	16.16	16.27	5737800
4/12/2012	16.26	16.45	16.03	16.37	7126800
4/11/2012	15.8	16.4	15.7	16.35	8792200
4/10/2012	15.67	15.67	15.67	15.67	0
4/9/2012	15.54	16.06	15.43	15.67	3840700
4/6/2012	15.85	16.15	15.5	15.69	6157300
4/5/2012	15.25	16.13	15.2	15.99	6181600
4/4/2012	15.32	15.32	15.32	15.32	0
4/3/2012	15.32	15.32	15.32	15.32	0
4/2/2012	15.32	15.32	15.32	15.32	0
3/30/2012	15.78	15.91	15.18	15.32	5606800
3/29/2012	15.9	16.18	15.7	15.8	4858400
3/28/2012	16.8	16.8	15.78	15.82	8603000
3/27/2012	17.19	17.26	16.79	16.95	4521800
3/26/2012	17.2	17.29	16.85	17.08	4473300
3/23/2012	17.4	17.58	17.02	17.2	6791200
3/22/2012	17	17.52	17	17.46	6473100
3/21/2012	17.54	17.89	16.87	17.25	11613200
3/20/2012	19.21	19.21	17.6	17.65	18160000
3/19/2012	18.9	19.64	18.61	19.23	13907200
3/16/2012	18.65	19.1	18	18.9	19552400
3/15/2012	19.25	19.58	18.5	18.86	22469000
3/14/2012	19	20.77	18.99	19.48	39479100
3/13/2012	18.75	18.99	18.47	18.88	11598300
3/12/2012	18.07	19	18.04	18.87	18673600
3/9/2012	17.99	18.5	17.67	18.19	11636700
3/8/2012	17.9	18.06	17.62	17.94	8824800
3/7/2012	18.08	18.26	17.72	17.87	10987200
3/6/2012	17.81	18.4	17.75	18.39	15069100
3/5/2012	17.59	18.46	17.57	17.95	22469400
3/2/2012	16.12	17.7	16.1	17.59	26854700
3/1/2012	16.5	16.56	15.8	16.12	34363500
2/29/2012	15.27	15.27	15.27	15.27	3240400
2/28/2012	14	14.04	13.66	13.88	4428400
2/27/2012	14.19	14.28	14.04	14.04	5343600
2/24/2012	14.1	14.22	13.98	14.15	4716700
2/23/2012	13.92	14.27	13.78	14.15	5215300
2/22/2012	13.57	13.98	13.39	13.94	6218400
2/21/2012	13.18	13.49	13.1	13.48	4123100
2/20/2012	13.3	13.35	13.11	13.11	2771700
2/17/2012	13.24	13.27	12.91	13.18	2849600
2/16/2012	13.3	13.39	13.07	13.2	2891200
2/15/2012	13.06	13.34	13.03	13.29	2327600
2/14/2012	13.08	13.2	13.03	13.11	2658500
2/13/2012	12.84	13.25	12.79	13.21	2782500
2/10/2012	12.9	13.06	12.78	12.93	3748700
2/9/2012	12.75	13.03	12.71	12.86	3585400
2/8/2012	12.39	12.96	12.3	12.8	4602000
2/7/2012	12.6	12.6	12.2	12.4	2866200
2/6/2012	12.66	12.78	12.47	12.64	3636400
2/3/2012	12.19	12.62	12.18	12.59	4977300
2/2/2012	12.17	12.27	12	12.23	3492400
2/1/2012	12.15	12.34	12.05	12.09	1445700
1/31/2012	12.37	12.37	12.05	12.18	1661400
1/30/2012	12.38	12.54	12.22	12.35	1918100
1/27/2012	12.39	12.39	12.39	12.39	0
1/26/2012	12.39	12.39	12.39	12.39	0
1/25/2012	12.39	12.39	12.39	12.39	0
1/24/2012	12.39	12.39	12.39	12.39	0
1/23/2012	12.39	12.39	12.39	12.39	0
1/20/2012	12.2	12.56	12.1	12.39	3332200
1/19/2012	12.01	12.29	11.98	12.28	2134300
1/18/2012	12.43	12.48	12	12.01	1715800
1/17/2012	11.95	12.43	11.66	12.41	1636600
1/16/2012	12.01	12.01	11.7	11.71	900100
1/13/2012	12.8	12.83	12	12.09	2348300
1/12/2012	12.99	13.15	12.7	12.81	2462600
1/11/2012	12.93	13.15	12.88	13	1763300
1/10/2012	12.44	13.02	12.44	12.95	3158700
1/9/2012	11.9	12.52	11.85	12.48	2005500
1/6/2012	11.71	12.12	11.71	12.02	1048500
1/5/2012	12.39	12.39	11.81	11.89	1849000
1/4/2012	13.03	13.14	12.44	12.52	1884200
1/3/2012	12.84	13.05	12.7	12.91	2724300
1/2/2012	12.84	13.05	12.7	12.91	2724300
12/30/2011	12.84	13.05	12.7	12.91	2724300
12/29/2011	12.7	12.84	12.6	12.71	2238700
12/28/2011	13.19	13.19	12.59	12.8	2182900
12/27/2011	13.7	13.7	13.13	13.18	1578500
12/26/2011	13.75	13.92	13.68	13.7	663600
12/23/2011	13.73	13.97	13.56	13.75	1244200
12/22/2011	13.99	13.99	13.17	13.74	1807300
12/21/2011	14.42	14.65	14.01	14.01	1874500
12/20/2011	14.31	14.64	14.27	14.37	2241200
12/19/2011	14.13	14.45	13.96	14.38	1778100
12/16/2011	14	14.35	13.84	14.31	2324600
12/15/2011	14.29	14.29	13.95	13.96	1783800
12/14/2011	14.42	14.59	14.26	14.38	604000
12/13/2011	14.86	14.98	14.44	14.46	1302600
12/12/2011	15.05	15.12	14.94	15.01	723800
12/9/2011	14.9	15.15	14.9	15.05	946000
12/8/2011	14.91	15.3	14.76	15.15	1388400
12/7/2011	14.95	15.09	14.9	15	1286300
12/6/2011	14.8	15.06	14.6	15	1025700
12/5/2011	15.22	15.27	14.8	14.85	2107200
12/2/2011	15.7	15.73	15.26	15.34	2123600
12/1/2011	15.93	16.12	15.7	15.73	3681400
11/30/2011	16.32	16.43	15.24	15.49	3847900
11/29/2011	16.19	16.36	16.1	16.35	2985400
11/28/2011	16	16.14	15.9	16.09	989600
11/25/2011	16.2	16.34	15.93	16.01	1549800
11/24/2011	16.2	16.36	15.92	16.2	2271500
11/23/2011	16.08	16.48	16.08	16.36	3290200
11/22/2011	16.12	16.22	15.76	16.1	2589800
11/21/2011	16.26	16.38	16.03	16.28	2266700
11/18/2011	16.8	16.89	16.27	16.3	5403500
11/17/2011	16.73	17.29	16.62	17.01	6892500
11/16/2011	17.18	17.24	16.6	16.67	5358600
11/15/2011	17.06	17.25	16.95	17.15	4177800
11/14/2011	16.69	17.23	16.69	17.11	7441200
11/11/2011	16.62	16.9	16.47	16.57	5225300
11/10/2011	16.46	16.95	16.44	16.62	9214000
11/8/2011	16.58	16.66	16.3	16.33	3928300
11/7/2011	16.56	16.75	16.44	16.62	3392800
11/4/2011	16.57	16.65	16.4	16.57	4443600
11/3/2011	16.66	16.98	16.41	16.48	9086200
11/2/2011	15.8	16.7	15.69	16.62	7718300
11/1/2011	16.15	16.25	15.85	16.11	3797200
10/31/2011	16.16	16.34	16.03	16.32	4265400
10/28/2011	16.01	16.25	15.87	16.2	3988200
10/27/2011	16.02	16.05	15.82	15.85	2763400
10/26/2011	15.58	16.08	15.58	15.94	5030900
10/25/2011	15.25	15.95	15.22	15.89	4143200
10/24/2011	14.98	15.29	14.82	15.28	2202100
10/21/2011	15.48	15.48	14.89	14.98	1979400
10/20/2011	16	16	15.15	15.36	3237700
10/19/2011	16.15	16.29	15.95	16.05	1856100
10/18/2011	16.47	16.5	16.07	16.1	5141300
10/17/2011	16.27	16.68	16.2	16.58	5224800
10/14/2011	16.31	16.43	16.04	16.25	3574600
10/13/2011	16.17	16.59	16.1	16.37	5410000
10/12/2011	15.69	16.29	15.41	16.2	4551800
10/11/2011	16.1	16.2	15.57	15.69	2188600
10/10/2011	15.73	15.92	15.72	15.76	1307300
9/30/2011	15.92	16.18	15.6	15.72	2159900
9/29/2011	16.34	16.48	16	16.08	2555700
9/28/2011	16.82	16.9	16.02	16.36	5236000
9/27/2011	16.83	17.05	16.55	16.66	1652200
9/26/2011	16.52	16.93	16.51	16.73	2594400
9/23/2011	16.3	16.75	16.18	16.75	3756600
9/22/2011	17.61	17.71	16.67	16.75	5466900
9/21/2011	17.3	17.91	17.18	17.77	4960500
9/20/2011	17.31	17.49	17.03	17.3	2180500
9/19/2011	17.31	17.45	17.18	17.28	3911100
9/16/2011	17.54	17.85	17.52	17.57	2841700
9/15/2011	17.8	18.06	17.52	17.54	5006400
9/14/2011	17.4	17.79	17.28	17.7	5473600
9/13/2011	17.08	17.44	17.01	17.38	3007000
9/9/2011	17.5	17.83	17.26	17.35	3755600
9/8/2011	18.05	18.21	17.62	17.62	5298200
9/6/2011	17.99	18.14	17.38	17.56	4359500
9/5/2011	18.33	18.34	17.85	18.11	3998700
9/2/2011	18.56	18.83	18.3	18.58	3639500
9/1/2011	19.04	19.2	18.42	18.7	8569100
8/31/2011	18.93	19.22	18.5	19	6867200
8/30/2011	19.81	20	18.88	19	7961200
8/29/2011	19.68	20.25	19.58	19.8	8935300
8/26/2011	19.04	19.8	19	19.69	9980800
8/25/2011	19.24	19.44	18.7	19.18	8940400
8/24/2011	19.52	19.89	19.04	19.28	9154800
8/23/2011	18.55	19.4	18.34	19.4	9767000
8/22/2011	18.21	18.69	18.21	18.47	5110700
8/19/2011	17.72	18.25	17.65	18.22	3774900
8/18/2011	17.98	18.32	17.8	18.02	5453500
8/17/2011	18	18.19	17.85	18.03	2733700
8/16/2011	18.14	18.2	17.87	18	3328300
8/15/2011	17.87	18.35	17.82	18.15	3736400
8/12/2011	17.66	17.97	17.54	17.87	4648600
8/11/2011	16.62	17.5	16.62	17.46	3523200
8/10/2011	16.96	17.33	16.91	17.05	4768800
8/9/2011	16.05	16.97	16.05	16.7	5094000
8/8/2011	17.21	17.4	16.2	16.59	4892300
8/5/2011	17.51	17.77	17.28	17.48	7309000
8/4/2011	18.49	18.62	18.07	18.1	6644000
8/3/2011	18.19	18.87	18.08	18.5	8381600
8/2/2011	18.66	18.68	18	18.45	11050500
8/1/2011	18.46	18.99	18.31	18.89	8788000
7/29/2011	19.28	19.29	18.3	18.39	8928700
7/28/2011	18.38	19.29	18.3	19.2	13407100
7/27/2011	17.71	18.78	17.7	18.59	10245700
7/26/2011	17.51	17.88	17.4	17.79	3117800
7/25/2011	18.2	18.57	17.52	17.68	6198200
7/22/2011	17.91	18.47	17.91	18.25	5401200
7/21/2011	18.15	18.26	17.73	17.9	5831900
7/19/2011	18.22	18.42	17.91	18.29	7546300
7/18/2011	18.55	18.76	18.22	18.3	7867500
7/15/2011	18.45	19.08	18.31	18.49	10837400
7/14/2011	18.3	18.66	17.98	18.5	10087900
7/13/2011	17.43	18.49	17.43	18.32	11823600
7/12/2011	17.61	17.78	17.32	17.37	6725000
7/11/2011	17.6	17.99	17.48	17.82	5973200
7/8/2011	17.43	17.97	17.25	17.67	9175600
7/7/2011	16.8	18.25	16.8	17.53	17847000
7/6/2011	16.25	16.97	16.22	16.76	8868500
7/5/2011	16.4	16.44	16.2	16.33	4030900
